   A  R  N  D  C  Q  E  G  H  I  L  K  M  F  P  S  T  W  Y  V  B  Z  X  *
A  223  -55 -111 -111    0  -55  -55    0 -111  -55  -55  -55  -55 -111  -55   55    0 -167 -111    0 -111  -55    0 -223
R  -55  278    0 -111 -167   55    0 -111    0 -167 -111  111  -55 -167 -111  -55  -55 -167 -111 -167  -55    0  -55 -223
N -111    0  334   55 -167    0    0    0   55 -167 -167    0 -111 -167 -111   55    0 -223 -111 -167  167    0  -55 -223
D -111 -111   55  334 -167    0  111  -55  -55 -167 -223  -55 -167 -167  -55    0  -55 -223 -167 -167  223   55  -55 -223
C    0 -167 -167 -167  502 -167 -223 -167 -167  -55  -55 -167  -55 -111 -167  -55  -55 -111 -111  -55 -167 -167 -111 -223
Q  -55   55    0    0 -167  278  111 -111    0 -167 -111   55    0 -167  -55    0  -55 -111  -55 -111    0  167  -55 -223
E  -55    0    0  111 -223  111  278 -111    0 -167 -167   55 -111 -167  -55    0  -55 -167 -111 -111   55  223  -55 -223
G    0 -111    0  -55 -167 -111 -111  334 -111 -223 -223 -111 -167 -167 -111    0 -111 -111 -167 -167  -55 -111  -55 -223
H -111    0   55  -55 -167    0    0 -111  446 -167 -167  -55 -111  -55 -111  -55 -111 -111  111 -167    0    0  -55 -223
I  -55 -167 -167 -167  -55 -167 -167 -223 -167  223  111 -167   55    0 -167 -111  -55 -167  -55  167 -167 -167  -55 -223
L  -55 -111 -167 -223  -55 -111 -167 -223 -167  111  223 -111  111    0 -167 -111  -55 -111  -55   55 -223 -167  -55 -223
K  -55  111    0  -55 -167   55   55 -111  -55 -167 -111  278  -55 -167  -55    0  -55 -167 -111 -111    0   55  -55 -223
M  -55  -55 -111 -167  -55    0 -111 -167 -111   55  111  -55  278    0 -111  -55  -55  -55  -55   55 -167  -55  -55 -223
F -111 -167 -167 -167 -111 -167 -167 -167  -55    0    0 -167    0  334 -223 -111 -111   55  167  -55 -167 -167  -55 -223
P  -55 -111 -111  -55 -167  -55  -55 -111 -111 -167 -167  -55 -111 -223  390  -55  -55 -223 -167 -111 -111  -55 -111 -223
S   55  -55   55    0  -55    0    0    0  -55 -111 -111    0  -55 -111  -55  223   55 -167 -111 -111    0    0    0 -223
T    0  -55    0  -55  -55  -55  -55 -111 -111  -55  -55  -55  -55 -111  -55   55  278 -111 -111    0  -55  -55    0 -223
W -167 -167 -223 -223 -111 -111 -167 -111 -111 -167 -111 -167  -55   55 -223 -167 -111  613  111 -167 -223 -167 -111 -223
Y -111 -111 -111 -167 -111  -55 -111 -167  111  -55  -55 -111  -55  167 -167 -111 -111  111  390  -55 -167 -111  -55 -223
V    0 -167 -167 -167  -55 -111 -111 -167 -167  167   55 -111   55  -55 -111 -111    0 -167  -55  223 -167 -111  -55 -223
B -111  -55  167  223 -167    0   55  -55    0 -167 -223    0 -167 -167 -111    0  -55 -223 -167 -167  223   55  -55 -223
Z  -55    0    0   55 -167  167  223 -111    0 -167 -167   55  -55 -167  -55    0  -55 -167 -111 -111   55  223  -55 -223
X    0  -55  -55  -55 -111  -55  -55  -55  -55  -55  -55  -55  -55  -55 -111    0    0 -111  -55  -55  -55  -55  -55 -223
* -223 -223 -223 -223 -223 -223 -223 -223 -223 -223 -223 -223 -223 -223 -223 -223 -223 -223 -223 -223 -223 -223 -223   55
